D3S1358
10	4.99865e-005
11	0.000549852
12	0.0018595
13	0.00398892
14	0.0748298
15	0.351025
16	0.279754
17	0.160917
18	0.117028
19	0.00890761
20	0.000709808
21	0.00010997
99	0.000269927

TH01
4	5.9994e-005
5	0.000639936
6	0.29561
7	0.260284
8	0.080002
9	0.123408
9.3	0.230887
10	0.00807919
11	0.00069993
13.3	5.9994e-005
99	0.000269973

D21S11
19	5.0001e-005
24	5.0001e-005
24.2	0.000870017
25	0.000330007
25.2	0.000540011
26	0.00158003
26.2	0.000160003
27	0.0163803
27.2	0.000110002
28	0.0937519
28.2	0.000760015
29	0.196434
29.2	0.00207004
30	0.272285
30.2	0.0253605
31	0.0620912
31.2	0.113122
32	0.00920018
32.1	0.000160003
32.2	0.138433
33	0.00212004
33.1	0.000110002
33.2	0.0543011
33.3	0.000110002
34	0.000440009
34.2	0.00637013
35	0.00103002
35.1	0.000270005
35.2	0.000870017
36	0.000270005
36.2	5.0001e-005
37	5.0001e-005
Frec. Min.	0.000270005

D18S51
9	0.000379932
10	0.00727871
10.2	0.00010998
11	0.0114379
12	0.127057
13	0.115349
13.2	0.00010998
14	0.204923
14.2	0.000159971
15	0.141884
15.2	4.99911e-005
16	0.119998
16.2	4.99911e-005
17	0.124048
18	0.0671381
19	0.0363835
20	0.0195365
21	0.0114379
22	0.00858847
22.2	4.99911e-005
23	0.00234958
24	0.00103981
25	0.000159971
26	4.99911e-005
27	0.000159971
99	0.000269951

PENTA E
5	0.0370541
6	0.000509918
7	0.0943349
8	0.0278455
9	0.00694889
10	0.0601604
11	0.087786
12	0.182171
13	0.0946149
13.2	0.000109982
14	0.0729783
15	0.0981243
16	0.0592605
16.3	0.000899856
16.4	5.99904e-005
17	0.0532115
18	0.0385838
19	0.0261558
20	0.0253659
21	0.0210666
22	0.00756879
23	0.00344945
24	0.00112982
25	0.000279955
26	5.99904e-005
99	0.000269957

D5S818
7	0.0692841
8	0.00634854
9	0.0420903
10	0.0532478
11	0.422063
12	0.271018
13	0.125001
14	0.00842806
15	0.00207952
16	0.000219949
99	0.000219949

D13S317
6	0.00053986
7	0.00026993
8	0.0911463
9	0.159898
10	0.0756003
11	0.224632
12	0.241757
13	0.127837
14	0.0760402
15	0.00195949
16	4.9987e-005
99	0.00026993

D7S820
6	0.00010996
7	0.0140749
8	0.103333
9	0.0881681
9.1	4.99818e-005
10	0.262336
11	0.309569
12	0.186233
12.1	4.99818e-005
12.2	4.99818e-005
12.3	4.99818e-005
13	0.0309289
14	0.00461833
15	0.000159942
99	0.000269903

D16S539
5	4.99865e-005
7	0.00010997
8	0.0175753
9	0.161726
10	0.109121
11	0.276655
12	0.276155
13	0.137863
14	0.0191648
15	0.00130965
99	0.000269927

CSF1PO
6	6.00042e-005
7	0.00167012
8	0.00448031
8.3	6.00042e-005
9	0.0218515
10	0.269309
10.3	6.00042e-005
11	0.28224
12	0.347554
13	0.0620943
14	0.00868061
15	0.00167012
99	0.000270019

PENTA D
2.2	0.00357943
3.2	0.000109982
5	0.00145977
6	0.000389938
7	0.0101384
8	0.0136578
9	0.19033
9.2	0.00055991
10	0.206677
11	0.160424
12	0.170053
13	0.168373
14	0.0540913
15	0.0151176
16	0.00363942
17	0.000899856
18	0.000169973
19	5.99904e-005
99	0.000269957

VWA
11	0.000869861
12	0.000819869
13	0.00413934
14	0.0641797
15	0.0942849
16	0.309181
17	0.282735
18	0.167023
19	0.0642397
20	0.0112282
21	0.000929851
22	4.9992e-005
23	4.9992e-005
99	0.000269957

D8S1179
8	0.00897758
9	0.00761794
10	0.0687015
11	0.0724504
12	0.143491
13	0.304378
14	0.2223
15	0.137283
16	0.0304618
17	0.00336909
18	0.000649825
19	4.99865e-005
99	0.000269927

TPOX
5	0.000159958
6	0.00260932
7	0.00141963
8	0.483364
9	0.0778798
10	0.0475976
11	0.289555
12	0.0943255
13	0.00255933
14	0.000109971
16	4.9987e-005
21	4.9987e-005
21.2	4.9987e-005
99	0.00026993

FGA
16	0.000379943
17	0.00222967
18	0.0108384
18.2	0.000379943
19	0.0876271
19.2	0.000159976
20	0.0924663
20.2	0.000219967
21	0.144148
21.2	0.0020197
22	0.126071
22.2	0.0039794
22.3	4.99925e-005
23	0.121282
23.2	0.00244963
24	0.151507
24.2	0.000709895
25	0.150417
25.2	4.99925e-005
25.3	4.99925e-005
26	0.073739
26.2	4.99925e-005
27	0.0219967
28	0.00598911
29	0.00053992
30	0.000159976
31	0.000219967
99	0.00026996

D19S433
9	0.00284886
11	0.0256398
11.2	0.00284886
12	0.0683728
12.2	0.0227909
13	0.196581
13.2	0.0911737
14	0.282057
14.2	0.0569772
15	0.136755
15.2	0.0541284
16	0.0341863
16.2	0.0113954
99	0.0142443

D1S1656
10	0.00691799
11	0.0511932
12	0.0809405
13	0.0927011
14	0.142165
14.3	0.0044972
15	0.167762
15.3	0.0401244
16	0.154271
16.3	0.0615701
17	0.0442752
17.3	0.102041
18	0.00622619
18.3	0.0356282
19	0.000346399
19.3	0.00726439
20.3	0.000346399
99	0.0017295

D12S391
14	0.000346398
15	0.0511931
16	0.0370117
17	0.113109
17.1	0.0013836
17.3	0.0100316
18	0.212382
18.1	0.000346398
18.3	0.0117606
19	0.154963
19.1	0.00242179
19.3	0.00484259
20	0.134901
20.1	0.000691798
20.3	0.000346398
21	0.102386
22	0.0688344
22.2	0.000346398
23	0.0491177
24	0.0249047
24.3	0.000346398
25	0.0114152
26	0.00311359
27	0.00207539
99	0.0017295

D2S1338
14	0.00560036
16	0.0588235
17	0.229694
18	0.0700243
19	0.154059
20	0.126048
21	0.0252115
22	0.0560233
23	0.137258
24	0.0532232
25	0.050423
26	0.0168109
27	0.00280018
99	0.0140009

D6S1043
9	0.000900089
10	0.00540054
11	0.216522
12	0.230123
13	0.106011
14	0.0643063
15	0.0389039
16	0.00820081
17	0.0516052
18	0.0978096
18.1	0.000900089
18.3	0.000900089
19	0.0879087
19.3	0.00180018
20	0.0525053
20.3	0.00180018
21	0.0109011
21.3	0.010001
22	0.00180018
22.3	0.00450045
23	0.00360036
23.3	0.000900089
24	0.00270027

D22S1045
11	0.0951
12	0.0088
13	0.0035
14	0.0299
15	0.405
16	0.3785
17	0.0757
18	0.0035

D2S441
9	0.0018
10	0.1761
11	0.3239
11.3	0.0898
12	0.0211
12.3	0.0018
13	0.0246
14	0.3134
15	0.044
16	0.0035

SE33
7.3	0.00179641
9	0.00199601
11	0.00349301
11.2	0.00179641
12	0.00698603
12.1	0.00179641
13	0.00349301
13.2	0.00349301
14	0.0386228
14.2	0.00349301
15	0.0492016
15.2	0.00179641
16	0.0527944
16.2	0.00179641
16.3	0.00349301
17	0.101697
17.2	0.00179641
17.3	0.00179641
18	0.0738523
19	0.050998
20	0.0474052
20.2	0.00878244
21	0.0404192
21.2	0.0157685
22	0.0122754
22.2	0.0316367
23	0.00179641
23.2	0.0263473
24.2	0.0404192
25.2	0.0263473
26.2	0.0351297
27.2	0.0561876
28.2	0.0649701
29.2	0.0808383
30.2	0.0422156
31.2	0.0281437
32.2	0.0140719
33	0.00698603
33.2	0.00878244
34	0.00179641
34.2	0.00349301

D10S1248
11	0.0035
12	0.0511
13	0.308
14	0.2835
15	0.206
16	0.125
17	0.0194
18	0.0035
