Sample id	AMEL 1	AMEL 2	D3S1358 1	D3S1358 2	TH01 1	TH01 2	D21S11 1	D21S11 2	D18S51 1	D18S51 2	PENTA E 1	PENTA E 2	D5S818 1	D5S818 2	D13S317 1	D13S317 2	D7S820 1	D7S820 2	D16S539 1	D16S539 2	CSF1PO 1	CSF1PO 2	PENTA D 1	PENTA D 2	VWA 1	VWA 2	D8S1179 1	D8S1179 2	TPOX 1	TPOX 2	FGA 1	FGA 2	D19S433 1	D19S433 2	D1S1656 1	D1S1656 2	D12S391 1	D12S391 2	D2S1338 1	D2S1338 2	D6S1043 1	D6S1043 2	D22S1045 1	D22S1045 2	D2S441 1	D2S441 2	SE33 1	SE33 2	D10S1248 1	D10S1248 2	
1	X	X	17	18	7	7	28	30	12	13	5	10	12	12	10	12	8	10	12	12	12	13	9	10	14	14	13	14	8	9	23.2	26	12	14	13	17	21	21	20	23	11	13	15	16	11	15	9	22.2	15	15	
2	X	Y	16	17	6	7	29	30	12	14	5	13	11	13	11	12	10	10	11	12	12	14	10	10	14	14	13	16	8	8	22	26	14	15	11	17	18	21	17	20	11	20	15	16	10	16	22.2	27.2	13	15	
3	X	Y	18	18	7	9.3	30	30.2	13	17	5	10	12	12	12	12	8	8	12	12	12	13	10	13	14	14	13	14	8	8	22	24	12	14	13	17	18	19	21	23	11	13	16	16	11	14	9	22.2	13	15	
4	X	X	18	18	7	9.3	28	30.2	12	17	5	10	11	12	10	12	8	10	9	12	11	13	9	13	14	14	13	16	8	8	24	26	12	14	15	17	18	21	20	23	11	13	14	16	14	15	22.2	27.2	15	15	
5	X	Y	17	18	8	8	28	30	12	18	5	10	12	12	12	12	8	8	9	12	11	12	9	13	14	14	13	13	8	8	23.2	24	13	14	13	17	18	19	20	23	11	13	14	16	11	14	9	22.2	15	15	
6	X	Y	 	 	 	 	 	 	 	 	 	 	 	 	 	 	 	 	 	 	 	 	 	 	 	 	 	 	 	 	 	 	 	 	 	 	 	 	 	 	 	 	 	 	 	 	 	 	 	 	
7	X	Y	 	 	 	 	 	 	 	 	 	 	 	 	 	 	 	 	 	 	 	 	 	 	 	 	 	 	 	 	 	 	 	 	 	 	 	 	 	 	 	 	 	 	 	 	 	 	 	 	
8	X	X	 	 	 	 	 	 	 	 	 	 	 	 	 	 	 	 	 	 	 	 	 	 	 	 	 	 	 	 	 	 	 	 	 	 	 	 	 	 	 	 	 	 	 	 	 	 	 	 	
MP	X	X	 	 	 	 	 	 	 	 	 	 	 	 	 	 	 	 	 	 	 	 	 	 	 	 	 	 	 	 	 	 	 	 	 	 	 	 	 	 	 	 	 	 	 	 	 	 	 	 	
POI	X	X	 	 	 	 	 	 	 	 	 	 	 	 	 	 	 	 	 	 	 	 	 	 	 	 	 	 	 	 	 	 	 	 	 	 	 	 	 	 	 	 	 	 	 	 	 	 	 	 	
